179.68
180.06
180.43
180.81
181.18
181.55
181.93
182.30
182.68
183.05
183.42
183.80
184.17
184.55
184.92
185.29
185.67
186.04
186.42
186.79
187.16
187.54
187.91
188.29
188.66
189.03
189.41
189.78
190.15
190.53
190.90
191.27
191.65
192.02
192.40
192.77
193.14
193.52
193.89
194.26
194.64
195.01
195.38
195.76
196.13
196.50
196.88
197.25
197.62
198.00
198.37
198.74
199.11
199.49
199.86
200.23
200.61
200.98
201.35
201.72
202.10
202.47
202.84
203.22
203.59
203.96
204.33
204.71
205.08
205.45
205.83
206.20
206.57
206.94
207.32
207.69
208.06
208.43
208.80
209.18
209.55
209.92
210.29
210.67
211.04
211.41
211.78
212.16
212.53
212.90
213.27
213.64
214.02
214.39
214.76
215.13
215.50
215.88
216.25
216.62
216.99
217.36
217.73
218.11
218.48
218.85
219.22
219.59
219.97
220.34
220.71
221.08
221.45
221.82
222.19
222.57
222.94
223.31
223.68
224.05
224.42
224.79
225.17
225.54
225.91
226.28
226.65
227.02
227.39
227.76
228.13
228.51
228.88
229.25
229.62
229.99
230.36
230.73
231.10
231.47
231.84
232.21
232.59
232.96
233.33
233.70
234.07
234.44
234.81
235.18
235.55
235.92
236.29
236.66
237.03
237.40
237.77
238.14
238.51
238.88
239.25
239.62
239.99
240.36
240.73
241.11
241.48
241.85
242.22
242.59
242.96
243.33
243.70
244.07
244.44
244.80
245.17
245.54
245.91
246.28
246.65
247.02
247.39
247.76
248.13
248.50
248.87
249.24
249.61
249.98
250.35
250.72
251.09
251.46
251.83
252.20
252.57
252.94
253.30
253.67
254.04
254.41
254.78
255.15
255.52
255.89
256.26
256.63
257.00
257.36
257.73
258.10
258.47
258.84
259.21
259.58
259.95
260.31
260.68
261.05
261.42
261.79
262.16
262.53
262.89
263.26
263.63
264.00
264.37
264.74
265.11
265.47
265.84
266.21
266.58
266.95
267.31
267.68
268.05
268.42
268.79
269.16
269.52
269.89
270.26
270.63
271.00
271.36
271.73
272.10
272.47
272.83
273.20
273.57
273.94
274.30
274.67
275.04
275.41
275.78
276.14
276.51
276.88
277.25
277.61
277.98
278.35
278.71
279.08
279.45
279.82
280.18
280.55
280.92
281.28
281.65
282.02
282.39
282.75
283.12
283.49
283.85
284.22
284.59
284.95
285.32
285.69
286.05
286.42
286.79
287.15
287.52
287.89
288.25
288.62
288.99
289.35
289.72
290.09
290.45
290.82
291.19
291.55
291.92
292.28
292.65
293.02
293.38
293.75
294.12
294.48
294.85
295.21
295.58
295.95
296.31
296.68
297.04
297.41
297.77
298.14
298.51
298.87
299.24
299.60
299.97
300.33
300.70
301.07
301.43
301.80
302.16
302.53
302.89
303.26
303.62
303.99
304.35
304.72
305.08
305.45
305.81
306.18
306.54
306.91
307.28
307.64
308.00
308.37
308.73
309.10
309.46
309.83
310.19
310.56
310.92
311.29
311.65
312.02
312.38
312.75
313.11
313.48
313.84
314.20
314.57
314.93
315.30
315.66
316.03
316.39
316.76
317.12
317.48
317.85
318.21
318.58
318.94
319.30
319.67
320.03
320.40
320.76
321.12
321.49
321.85
322.22
322.58
322.94
323.31
323.67
324.03
324.40
324.76
325.12
325.49
325.85
326.21
326.58
326.94
327.30
327.67
328.03
328.39
328.76
329.12
329.48
329.85
330.21
330.57
330.94
331.30
331.66
332.03
332.39
332.75
333.11
333.48
333.84
334.20
334.57
334.93
335.29
335.65
336.02
336.38
336.74
337.10
337.47
337.83
338.19
338.55
338.92
339.28
339.64
340.00
340.37
340.73
341.09
341.45
341.81
342.18
342.54
342.90
343.26
343.62
343.99
344.35
344.71
345.07
345.43
345.79
346.16
346.52
346.88
347.24
347.60
347.96
348.33
348.69
349.05
349.41
349.77
350.13
350.49
350.86
351.22
351.58
351.94
352.30
352.66
353.02
353.38
353.75
354.11
354.47
354.83
355.19
355.55
355.91
356.27
356.63
356.99
357.35
357.72
358.08
358.44
358.80
359.16
359.52
359.88
360.24
360.60
360.96
361.32
361.68
362.04
362.40
362.76
363.12
363.48
363.84
364.20
364.56
364.92
365.28
365.64
366.00
366.36
366.72
367.08
367.44
367.80
368.16
368.52
368.88
369.24
369.60
369.96
370.32
370.68
371.04
371.40
371.76
372.12
372.48
372.84
373.19
373.55
373.91
374.27
374.63
374.99
375.35
375.71
376.07
376.43
376.79
377.15
377.50
377.86
378.22
378.58
378.94
379.30
379.66
380.02
380.37
380.73
381.09
381.45
381.81
382.17
382.53
382.88
383.24
383.60
383.96
384.32
384.68
385.03
385.39
385.75
386.11
386.47
386.82
387.18
387.54
387.90
388.26
388.61
388.97
389.33
389.69
390.04
390.40
390.76
391.12
391.48
391.83
392.19
392.55
392.91
393.26
393.62
393.98
394.33
394.69
395.05
395.41
395.76
396.12
396.48
396.84
397.19
397.55
397.91
398.26
398.62
398.98
399.33
399.69
400.05
400.40
400.76
401.12
401.47
401.83
402.19
402.54
402.90
403.26
403.61
403.97
404.33
404.68
405.04
405.40
405.75
406.11
406.46
406.82
407.18
407.53
407.89
408.24
408.60
408.96
409.31
409.67
410.02
410.38
410.74
411.09
411.45
411.80
412.16
412.51
412.87
413.22
413.58
413.94
414.29
414.65
415.00
415.36
415.71
416.07
416.42
416.78
417.13
417.49
417.84
418.20
418.55
418.91
419.26
419.62
419.97
420.33
420.68
421.04
421.39
421.75
422.10
422.46
422.81
423.16
423.52
423.87
424.23
424.58
424.94
425.29
425.65
426.00
426.35
426.71
427.06
427.42
427.77
428.12
428.48
428.83
429.19
429.54
429.89
430.25
430.60
430.95
431.31
431.66
432.02
432.37
432.72
433.08
433.43
433.78
434.14
434.49
434.84
435.20
435.55
435.90
436.26
436.61
436.96
437.32
437.67
438.02
438.38
438.73
439.08
439.43
439.79
440.14
440.49
440.85
441.20
441.55
441.90
442.26
442.61
442.96
443.31
443.67
444.02
444.37
444.72
445.08
445.43
445.78
446.13
446.48
446.84
447.19
447.54
447.89
448.24
448.60
448.95
449.30
449.65
450.00
450.36
450.71
451.06
451.41
451.76
452.11
452.47
452.82
453.17
453.52
453.87
454.22
454.57
454.92
455.28
455.63
455.98
456.33
456.68
457.03
457.38
457.73
458.08
458.44
458.79
459.14
459.49
459.84
460.19
460.54
460.89
461.24
461.59
461.94
462.29
462.64
462.99
463.34
463.69
464.04
464.40
464.75
465.10
465.45
465.80
466.15
466.50
466.85
467.20
467.55
467.90
468.25
468.60
468.95
469.30
469.64
469.99
470.34
470.69
471.04
471.39
471.74
472.09
472.44
472.79
473.14
473.49
473.84
474.19
474.54
474.89
475.24
475.58
475.93
476.28
476.63
476.98
477.33
477.68
478.03
478.38
478.72
479.07
479.42
479.77
480.12
480.47
480.82
481.16
481.51
481.86
482.21
482.56
482.91
483.25
483.60
483.95
484.30
484.65
484.99
485.34
485.69
486.04
486.39
486.73
487.08
487.43
487.78
488.13
488.47
488.82
489.17
489.52
489.86
490.21
490.56
490.91
491.25
491.60
491.95
492.29
492.64
492.99
493.34
493.68
494.03
494.38
494.72
495.07
495.42
495.76
496.11
496.46
496.81
497.15
497.50
497.85
498.19
498.54
498.88
499.23
499.58
499.92
500.27
500.62
500.96
501.31
501.66
502.00
502.35
502.69
503.04
503.39
503.73
504.08
504.42
504.77
505.11
505.46
505.81
506.15
506.50
506.84
507.19
507.53
507.88
508.23
508.57
508.92
509.26
509.61
509.95
510.30
510.64
510.99
511.33
511.68
512.02
512.37
512.71
513.06
513.40
513.75
514.09
514.44
514.78
515.13
515.47
515.81
516.16
516.50
516.85
517.19
517.54
517.88
518.23
518.57
518.91
519.26
519.60
519.95
520.29
520.63
520.98
521.32
521.67
522.01
522.35
522.70
523.04
523.39
523.73
524.07
524.42
524.76
525.10
525.45
525.79
526.13
526.48
526.82
527.16
527.51
527.85
528.19
528.54
528.88
529.22
529.56
529.91
530.25
530.59
530.94
531.28
531.62
531.96
532.31
532.65
532.99
533.33
533.68
534.02
534.36
534.70
535.05
535.39
535.73
536.07
536.42
536.76
537.10
537.44
537.78
538.13
538.47
538.81
539.15
539.49
539.83
540.18
540.52
540.86
541.20
541.54
541.88
542.23
542.57
542.91
543.25
543.59
543.93
544.27
544.61
544.96
545.30
545.64
545.98
546.32
546.66
547.00
547.34
547.68
548.02
548.36
548.70
549.05
549.39
549.73
550.07
550.41
550.75
551.09
551.43
551.77
552.11
552.45
552.79
553.13
553.47
553.81
554.15
554.49
554.83
555.17
555.51
555.85
556.19
556.53
556.87
557.21
557.55
557.89
558.23
558.57
558.91
559.24
559.58
559.92
560.26
560.60
560.94
561.28
561.62
561.96
562.30
562.64
562.98
563.31
563.65
563.99
564.33
564.67
565.01
565.35
565.68
566.02
566.36
566.70
567.04
567.38
567.72
568.05
568.39
568.73
569.07
569.41
569.74
570.08
570.42
570.76
571.10
571.43
571.77
572.11
572.45
572.78
573.12
573.46
573.80
574.14
574.47
574.81
575.15
575.48
575.82
576.16
576.50
576.83
577.17
577.51
577.84
578.18
578.52
578.86
579.19
579.53
579.87
580.20
580.54
580.88
581.21
581.55
581.89
582.22
582.56
582.90
583.23
583.57
583.90
584.24
584.58
584.91
585.25
585.58
585.92
586.26
586.59
586.93
587.26
587.60
587.94
588.27
588.61
588.94
589.28
589.61
589.95
590.28
590.62
590.96
591.29
591.63
591.96
592.30
592.63
592.97
593.30
593.64
593.97
594.31
594.64
594.98
595.31
595.65
595.98
596.32
596.65
596.98
597.32
597.65
597.99
598.32
598.66
598.99
599.33
599.66
599.99
600.33
600.66
601.00
601.33
601.66
602.00
602.33
602.67
603.00
603.33
603.67
604.00
604.33
604.67
605.00
605.33
605.67
606.00
606.33
606.67
607.00
607.33
607.67
608.00
608.33
608.67
609.00
609.33
609.66
610.00
610.33
610.66
611.00
611.33
611.66
611.99
612.33
612.66
612.99
613.32
613.66
613.99
614.32
614.65
614.98
615.32
615.65
615.98
616.31
616.65
616.98
617.31
617.64
617.97
618.30
618.64
618.97
619.30
619.63
619.96
620.29
620.62
620.96
621.29
621.62
621.95
622.28
622.61
622.94
623.27
623.61
623.94
624.27
624.60
624.93
625.26
625.59
625.92
626.25
626.58
626.91
627.24
627.57
627.90
628.23
628.57
628.90
629.23
629.56
629.89
630.22
630.55
630.88
631.21
631.54
631.87
632.20
632.53
632.85
633.18
633.51
633.84
634.17
634.50
634.83
635.16
635.49
635.82
636.15
636.48
636.81
637.14
637.47
637.80
638.12
638.45
638.78
639.11
639.44
639.77
640.10
640.43
640.75
641.08
641.41
641.74
642.07
642.40
642.73
643.05
643.38
643.71
644.04
644.37
644.69
645.02
645.35
645.68
646.01
646.33
646.66
646.99
647.32
647.64
647.97
648.30
648.63
648.96
649.28
649.61
649.94
650.26
650.59
650.92
651.25
651.57
651.90
652.23
652.55
652.88
653.21
653.53
653.86
654.19
654.51
654.84
655.17
655.49
655.82
656.15
656.47
656.80
657.13
657.45
657.78
658.11
658.43
658.76
659.08
659.41
659.74
660.06
660.39
660.71
661.04
661.36
661.69
662.02
662.34
662.67
662.99
663.32
663.64
663.97
664.29
664.62
664.94
665.27
665.59
665.92
666.24
666.57
666.89
667.22
667.54
667.87
668.19
668.52
668.84
669.17
669.49
669.82
670.14
670.46
670.79
671.11
671.44
671.76
672.08
672.41
672.73
673.06
673.38
673.70
674.03
674.35
674.68
675.00
675.32
675.65
675.97
676.29
676.62
676.94
677.26
677.59
677.91
678.23
678.56
678.88
679.20
679.53
679.85
680.17
680.50
680.82
681.14
681.46
681.79
682.11
682.43
682.75
683.08
683.40
683.72
684.04
684.37
684.69
685.01
685.33
685.65
685.98
686.30
686.62
686.94
687.26
687.59
687.91
688.23
688.55
688.87
689.19
689.52
689.84
690.16
690.48
690.80
691.12
691.44
691.77
692.09
692.41
692.73
693.05
693.37
693.69
694.01
694.33
694.65
694.97
695.29
695.62
695.94
696.26
696.58
696.90
697.22
697.54
697.86
698.18
698.50
698.82
699.14
699.46
699.78
700.10
700.42
700.74
701.06
701.38
701.70
702.02
702.34
702.66
702.98
703.29
703.61
703.93
704.25
704.57
704.89
705.21
705.53
705.85
706.17
706.49
706.80
707.12
707.44
707.76
708.08
708.40
708.72
709.04
709.35
709.67
709.99
710.31
710.63
710.95
711.26
711.58
711.90
712.22
712.54
712.85
713.17
713.49
713.81
714.13
714.44
714.76
715.08
715.40
715.71
716.03
716.35
716.67
716.98
717.30
717.62
717.93
718.25
718.57
718.88
719.20
719.52
719.84
720.15
720.47
720.79
721.10
721.42
721.74
722.05
722.37
722.68
723.00
723.32
723.63
723.95
724.27
724.58
724.90
725.21
725.53
725.85
726.16
726.48
726.79
727.11
727.42
727.74
728.05
728.37
728.69
729.00
729.32
729.63
729.95
730.26
730.58
730.89
731.21
731.52
731.84
732.15
732.47
732.78
733.10
733.41
733.73
734.04
734.35
734.67
734.98
735.30
735.61
735.93
736.24
736.55
736.87
737.18
737.50
737.81
738.12
738.44
738.75
739.07
739.38
739.69
740.01
740.32
740.63
740.95
741.26
741.57
741.89
742.20
742.51
742.83
743.14
743.45
743.77
744.08
744.39
744.70
745.02
745.33
745.64
745.95
746.27
746.58
746.89
747.20
747.52
747.83
748.14
748.45
748.77
749.08
749.39
749.70
750.01
750.33
750.64
750.95
751.26
751.57
751.88
752.20
752.51
752.82
753.13
753.44
753.75
754.06
754.37
754.69
755.00
755.31
755.62
755.93
756.24
756.55
756.86
757.17
757.48
757.79
758.10
758.42
758.73
759.04
759.35
759.66
759.97
760.28
760.59
760.90
761.21
761.52
761.83
762.14
762.45
762.76
763.07
763.38
763.69
764.00
764.30
764.61
764.92
765.23
765.54
765.85
766.16
766.47
766.78
767.09
767.40
767.71
768.01
768.32
768.63
768.94
769.25
769.56
769.87
770.18
770.48
770.79
771.10
771.41
771.72
772.03
772.33
772.64
772.95
773.26
773.57
773.87
774.18
774.49
774.80
775.10
775.41
775.72
776.03
776.33
776.64
776.95
777.26
777.56
777.87
778.18
778.48
778.79
779.10
779.41
779.71
780.02
780.33
780.63
780.94
781.25
781.55
781.86
782.17
782.47
782.78
783.08
783.39
783.70
784.00
784.31
784.61
784.92
785.23
785.53
785.84
786.14
786.45
786.76
787.06
787.37
787.67
787.98
788.28
788.59
788.89
789.20
789.50
789.81
790.11
790.42
790.72
791.03
791.33
791.64
791.94
792.25
792.55
792.86
793.16
793.47
793.77
794.07
794.38
794.68
794.99
795.29
795.59
795.90
796.20
796.51
796.81
797.11
797.42
797.72
798.03
798.33
798.63
798.94
799.24
799.54
799.85
800.15
800.45
800.76
801.06
801.36
801.66
801.97
802.27
802.57
802.88
803.18
803.48
803.78
804.09
804.39
804.69
804.99
805.30
805.60
805.90
806.20
806.50
806.81
807.11
807.41
807.71
808.01
808.32
808.62
808.92
809.22
809.52
809.82
810.12
810.43
810.73
811.03
811.33
811.63
811.93
812.23
812.53
812.84
813.14
813.44
813.74
814.04
814.34
814.64
814.94
815.24
815.54
815.84
816.14
816.44
816.74
817.04
817.34
817.64
817.94
818.24
818.54
818.84
819.14
819.44
819.74
820.04
820.34
820.64
820.94
821.24
821.54
821.84
822.14
822.44
822.73
823.03
823.33
823.63
823.93
824.23
824.53
824.83
825.12
825.42
825.72
826.02
826.32
826.62
826.92
827.21
827.51
827.81
828.11
828.41
828.70
829.00
829.30
829.60
829.90
830.19
830.49
830.79
831.09
831.38
831.68
831.98
832.28
832.57
832.87
833.17
833.46
833.76
834.06
834.35
834.65
834.95
835.25
835.54
835.84
836.13
836.43
836.73
837.02
837.32
837.62
837.91
838.21
838.51
838.80
839.10
839.39
839.69
839.98
840.28
840.58
840.87
841.17
841.46
841.76
842.05
842.35
842.64
842.94
843.24
843.53
843.83
844.12
844.42
844.71
845.01
845.30
845.59
845.89
846.18
846.48
846.77
847.07
847.36
847.66
847.95
848.24
848.54
848.83
849.13
849.42
849.71
850.01
850.30
850.60
850.89
851.18
851.48
851.77
852.06
852.36
852.65
852.94
853.24
853.53
853.82
854.12
854.41
854.70
855.00
855.29
855.58
855.87
856.17
856.46
856.75
857.04
857.34
857.63
857.92
858.21
858.51
858.80
859.09
859.38
859.67
859.97
860.26
860.55
860.84
861.13
861.42
861.72
862.01
862.30
862.59
862.88
863.17
863.46
863.76
864.05
864.34
864.63
864.92
865.21
865.50
865.79
866.08
866.37
866.66
866.95
867.24
867.53
867.83
868.12
868.41
868.70
868.99
869.28
869.57
869.86
870.15
870.44
870.73
871.01















































































































































































































